1324291543
1324293763
1324303308
1324303549
1324304017
1324304796
1324307557
1324307693
1324308754
1324310131
1324310795
1324381169
1324381313
1324381352
1324371195
1324371429
1324371437
1324372158
1324447569
1324516640
1324516641
1324516642
1324517308
1324517322
1324517586
1324517590
1324519413
1324519414
1324522402
1324522662
1324522664
1324524170
1324524422
1324524448
1324525191
1324525191
1324525580
1324526799
1324527553
1324527560
1324527700
1324527701
1324527857
1324528042
1324528277
1324528278
1324528620
1324528621
1324528753
1324528770
1324529254
1324529255
1324529532
1324529619
1324529625
1324529929
1324530048
1324530918
1324531825
1324531826
1324531892
1324531892
1324533405
1324533408
1324533589
1324533590
1324533742
1324533743
1324533830
1324533831
1324533940
1324534665
1324535007
1324535008
1324535312
1324535418
1324535625
1324536527
1324536763
1324536765
1324537175
1324537199
1324537200
1324537207
1324537208
1324537237
1324537332
1324537453
1324537454
1324537812
1324537813
1324537870
1324538065
1324538066
1324538734
1324538934
1324540017
1324540018
1324540315
1324540319
1324541043
1324541048
1324541496
1324543278
1324543279
1324543392
1324543392
1324543505
1324543506
1324543811
1324544003
1324544004
1324544093
1324544116
1324544117
1324544139
1324544140
1324544709
1324544814
1324544815
1324545680
1324545681
1324545796
1324545898
1324545905
1324545906
1324546103
1324546107
1324546199
1324546325
1324546326
1324546403
1324546404
1324546893
1324546893
1324546912
1324547110
1324547680
1324547899
1324547901
1324548082
1324548083
1324548114
1324548218
1324548219
1324549218
1324549219
1324549259
1324549394
1324549817
1324549817
1324550096
1324550098
1324550101
1324550102
1324550478
1324550479
1324550746
1324550813
1324551112
1324551120
1324551122
1324551967
1324551968
1324553998
1324554000
1324555078
1324556329
1324556764
1324556765
1324557997
1324558703
1324558704
1324559245
1324559426
1324559427
1324559458
1324559459
1324559584
1324559586
1324559797
1324559799
1324560362
1324560454
1324560455
1324560950
1324560951
1324561548
1324561554
1324562126
1324562132
1324562599
1324562854
1324562855
1324563284
1324563285
1324563420
1324563426
1324565401
1324565402
1324565539
1324565828
1324565828
1324565948
1324565949
1324566188
1324566189
1324566532
1324566534
1324567028
1324567250
1324567262
1324567938
1324567941
1324567942
1324567943
1324568546
1324568625
1324568946
1324569097
1324569098
1324570149
1324570150
1324570228
1324570230
1324570231
1324570971
1324570972
1324571331
1324571856
1324572006
1324572007
1324572382
1324572383
1324573148
1324573148
1324573462
1324573462
1324573689
1324573689
1324573813
1324573814
1324574256
1324574256
1324574502
1324574933
1324574934
1324575094
1324575094
1324576229
1324576234
1324576234
1324576242
1324576359
1324576359
1324577300
1324577302
1324578129
1324579204
1324579205
1324579451
1324579452
1324579798
1324580320
1324580872
1324580873
1324586278
1324587743
1324587744
1324588558
1324589927
1324589928
1324592104
1324592104
1324592107
1324592108
1324816181
1324816181
1324930421
1324967361
1324967361
1324967361
1324967361
1324967361
1324967361
1324967361
1324967361
1324967362
1324967362
1324967362
1324967362
1324967362
1324967364
1324967364
1324967364
1324967364
1324967365
1324967365
1324967365
1324967365
1324967365
1324967365
1324967365
1324967365
1324967366
1325039163
1325145338
1325223061
1325223122
1325662742
1327940097
1327940151
1328095766
1328095954
1328107905
1328108409
1328113583
1328177074
1328183925
1328185030
1328193039
1328194684
1328194762
1328194819
1328194834
1328194928
1328195528
1328195568
1328195887
1328198003
1328198576
1328170697
1328171368
1328173244
1328173965
1328174298
1328191251
1328233854
1328240698
1328246203
1328246340
1328260621
1328268433
1328268994
1328275932
1328276871
1328280427
1328316079
1328319824
1328320772
1328332948
1328333139
1328339795
1328379137
1328401134
1328404061
1328406522
1328407686
1328407982
1328410153
1328410551
1328410557
1328415707
1328416007
1328416893
1328425223
1328452848
1328494023
1328494076
1328494437
1328496912
1328498502
1328499203
1328499575
1328503669
1328504098
1328504829
1328506069
1328513979
1328514007
1328514051
1328514051
1328515962
1328516427
1328516680
1328517808
1328518166
1328518298
1328518486
1328519204
1328525295
1328525379
1328533606
1328533797
1328533850
1328534569
1328578683
1328578699
1328578727
1328578814
1328578859
1328578870
1328578908
1328578933
1328579031
1328579038
1328586651
1328588500
1328589251
1328589706
1328592276
1328593572
1328595826
1328596027
1328597898
1328598803
1328599257
1328600023
1328600142
1328600350
1328601227
1328601227
1328601805
1328601805
1328602928
1328607058
1328625126
1328664652
1328665928
1328668406
1328668420
1328668440
1328668458
1328668472
1328668506
1328668520
1328669006
1328671838
1328673284
1328673313
1328673871
1328674123
1328679700
1328685323
1328687548
1328687738
1328687745
1328688270
1328689970
1328691867
1328692859
1328693409
1328693487
1328699640
1328703973
1328747474
1328749494
1328750815
1328753578
1328753578
1328753743
1328753776
1328753914
1328754051
1328754141
1328755164
1328756470
1328757682
1328760695
1328769528
1328770000
1328771574
1328772961
1328775816
1328777535
1328796876
1328838138
1328839811
1328843558
1328843697
1328844567
1328846227
1328848225
1328848617
1328849386
1328850923
1328851486
1328856089
1328857773
1328859626
1328859677
1328859677
1328860278
1328860306
1328860377
1328860880
1328860938
1328861649
1328862551
1328863498
1328868755
1328871765
1328871897
1328877192
1328877727
1328921645
1328921743
1328921955
1328925362
1328928484
1328929069
1328931332
1328936047
1328936048
1328936056
1328936818
1328937935
1328951380
1328952887
1328962824
1328966482
1328968426
1329012417
1329012581
1329013804
1329013975
1329015497
1329017787
1329018296
1329021291
1329021725
1329023540
1329023981
1329030538
1329031250
1329034603
1329034603
1329036784
1329041861
1329042469
1329045496
1329046636
1329046636
1329051111
1329051112
1329051438
1329052235
1329092025
1329093972
1329094784
1329096347
1329097847
1329098804
1329099968
1329103623
1329104162
1329104374
1329104374
1329105185
1329105226
1329109337
1329109338
1329110014
1329110290
1329111021
1329111304
1329111338
1329111467
1329113185
1329114417
1329114451
1329115281
1329116804
1329121796
1329124734
1329124800
1329125700
1329146723
1329187207
1329190866
1329194531
1329198154
1329198154
1329198688
1329198864
1329200691
1329200771
1329200813
1329201016
1329201294
1329201294
1329201548
1329201715
1329202026
1329203153
1329203175
1329203205
1329203223
1329208285
1329208412
1329208484
1329208934
1329208935
1329209322
1329210776
1329212532
1329226208
1329226576
1329268048
1329268048
1329273922
1329276548
1329276548
1329276795
1329276871
1329277762
1329278561
1329278561
1329279369
1329279369
1329279939
1329286117
1329286754
1329288544
1329291551
1329293215
1329295383
1329296812
1329296812
1329298633
1329316827
1329347966
1329349346
1329358472
1329360365
1329361047
1329361047
1329361150
1329361735
1329362831
1329362831
1329362883
1329364003
1329364484
1329364536
1329364536
1329364589
1329365570
1329366813
1329366814
1329371099
1329371099
1329371145
1329371582
1329371686
1329371853
1329372349
1329372357
1329372358
1329372499
1329372510
1329372558
1329372592
1329372604
1329372802
1329372828
1329372836
1329372957
1329372957
1329373016
1329373235
1329373567
1329373567
1329373576
1329373931
1329373931
1329373943
1329373951
1329373982
1329374205
1329374205
1329375115
1329375384
1329381644
1329387293
1329404780
1329439978
1329440620
1329444534
1329445352
1329447926
1329448204
1329449204
1329451097
1329454704
1329455195
1329458721
1329459004
1329459104
1329463279
1329468305
1329471567
1329531958
1329532211
1329537636
1329541779
1329545168
1329545687
1329547033
1329547632
1329548146
1329550475
1329550510
1329551539
1329553427
1329555979
1329559875
1329564959
1329611256
1329618147
1329623256
1329626362
1329627681
1329628120
1329629690
1329633331
1329633407
1329635994
1329635999
1329636919
1329647672
1329700924
1329704995
1329705988
1329706979
1329710588
1329712161
1329715480
1329718338
1329718594
1329718736
1329728887
1329785845
1329788596
1329789667
1329791625
1329791846
1329793450
1329794137
1329794594
1329794775
1329798171
1329800065
1329800890
1329800921
1329802480
1329802978
1329803240
1329804817
1329805349
1329805913
1329806275
1329807070
1329808770
1329808859
1329811130
1329811734
1329820684
1329867963
1329870940
1329871457
1329872121
1329874226
1329876981
1329877094
1329877842
1329878067
1329879386
1329880165
1329881173
1329881720
1329882339
1329886813
1329887093
1329887106
1329887963
1329888116
1329888565
1329889292
1329889627
1329890533
1329891459
1329891859
1329892632
1329892682
1329895986
1329897287
1329897481
1329898894
1329957151
1329961858
1329963502
1329965254
1329966795
1329967547
1329967719
1329969506
1329971239
1329971764
1329972617
1329972783
1329973514
1329974033
1329974972
1329975159
1329978006
1329978905
1329979073
1329984652
1329984671
1329984801
1329985129
1329986147
1329986781
1330043194
1330043458
1330043664
1330045585
1330047980
1330050039
1330050760
1330051769
1330052300
1330055412
1330057285
1330057728
1330058283
1330058452
1330059337
1330059504
1330059601
1330059638
1330062484
1330065293
1330072650
1330094892
1330136457
1330137310
1330137452
1330140087
1330144645
1330145424
1330145843
1330146826
1330150873
1330151248
1330151570
1330151634
1330213845
1330219720
1330220206
1330220416
1330223459
1330226045
1330227175
1330227814
1330227979
1330228093
1330231251
1330232554
1330233530
1330235086
1330235543
1330235642
1330236654
1330237279
1330238260
1330238459
1330239673
1330240127
1330240329
1330240366
1330304009
1330305741
1330308124
1330310587
1330312590
1330313913
1330315781
1330315784
1330316756
1330317729
1330318858
1330319850
1330320179
1330322811
1330323852
1330325441
1330325465
1330325516
1330326999
1330329058
1330334683
1330344996
1330385280
1330389896
1330390553
1330393095
1330393490
1330398097
1330399353
1330399889
1330400848
1330401362
1330401966
1330402095
1330402514
1330404525
1330405250
1330406394
1330406905
1330414822
1330422157
1330428535
1330478244
1330478964
1330479201
1330479486
1330479529
1330480388
1330481832
1330482111
1330484065
1330484186
1330485181
1330486018
1330487381
1330487744
1330488373
1330490324
1330491445
1330494350
1330495476
1330495515
1330495746
1330500888
1330501060
1330502185
1330504661
1330558078
1330568086
1330569001
1330569918
1330570149
1330574591
1330574765
1330584196
1330594637
1330594841
1330598223
1330649144
1330649393
1330656127
1330656302
1330657224
1330658298
1330659538
1330659608
1330661039
1330661162
1330661616
1330663921
1330666364
1330667259
1330668666
1330669078
